82255873 0
91512836 0
21770261 0
64213018 0
3659803 1
7610395 0
89907228 0
10045474 1
95440946 1
59822133 1
65810490 0
71645243 0
62849088 1
94224458 1
58921041 1
55273560 1
1142880 1
10604644 1
28674153 0
1984618 1
1906812 1
46659709 1
67489920 0
79814787 1
29491335 0
90673288 1
84058253 1
99092625 0
78917791 1
52900001 0
53303460 1
42956964 0
32446631 0
31801517 1
69550260 0
5402805 1
55410871 1
26077387 1
43096270 0
82340057 0
53129443 1
33698022 1
15341822 0
15341823 0
28053764 0
35834120 0
75147529 1
176393 0
44095762 1
70465811 0
35268888 0
44689689 0
45484331 1
8491308 1
60242223 1
70095154 1
90884404 0
74889525 1
60514626 0
64753988 1
20357457 1
98462037 1
38041941 0
56910167 1
22411610 0
77672445 0
84816245 0
5370235 1
23837055 0
29948294 1
58069384 1
6498706 1
2625940 0
90448279 1
31480216 0
13935002 0
89631139 0
60764582 0
60764583 0
75622825 0
48800175 1
9396663 0
50954680 1
22110648 0
75119041 0
81439173 1
64332231 1
53334471 1
74983882 0
48048590 1
98875864 0
63013339 1
8198621 0
78836195 1
78836196 0
76589547 0
17418745 0
75452921 1
93104633 0
94145021 1
53971455 1
18973184 1
14821890 1
14821891 0
39973386 1
35052053 0
26556950 1
44026394 0
3410461 1
68815402 0
3285552 0
30765616 0
27198002 0
86682165 1
68829754 1
56465981 1
12421694 1
23331401 0
72272462 1
79229522 1
63941210 1
83755611 1
2978414 1
85969518 0
31986289 0
22493812 0
28062326 0
9464441 1
5141117 1
67007102 1
18027139 0
38120068 1
18027140 0
6853254 1
18027141 0
31533705 0
82324106 0
36577931 1
66200211 0
30069399 0
16943771 0
20001443 1
2857636 1
20001444 0
49881766 0
73915051 1
73915052 0
73915053 0
73915054 0
73915055 0
66788016 1
78394033 0
97268402 1
23431858 1
9929399 0
36637374 1
34822851 0
26096328 1
29301450 1
35263181 0
63767246 1
19280590 0
21082832 1
27204311 1
27204312 0
49752796 0
93039339 1
78789357 0
51409648 1
59900656 0
40633085 0
75500286 1
79387393 0
32056071 0
21179144 0
72291079 0
37630732 1
85771020 0
85771021 0
67922703 0
97452818 0
56597273 0
41329459 0
62481204 0
70875956 0
83239740 0
60406592 0
5043010 1
49808197 0
99111753 1
43422537 1
82738008 1
35984222 1
42427231 0
6728559 1
33676147 0
25451383 1
9726840 1
30327675 0
30327676 0
1041278 1
14957441 0
44092305 0
39701395 1
69890968 0
38030233 0
71039903 1
32807846 1
14558127 1
41999284 1
11654068 0
69247929 0
56984514 1
31036355 1
62962630 1
31833038 1
86686671 1
15590356 0
83104731 1
76524507 0
74157028 1
38517737 1
85289965 1
30811117 0
40551411 0
72860663 1
904186 0
34767866 0
20612097 1
23116809 0
69868556 0
26412047 1
42632209 1
21830680 0
60025884 0
27450401 0
56495147 1
49032236 1
56495148 0
18494512 0
42671152 0
24224830 1
93850690 1
8240199 1
46052429 1
92892239 1
45644898 1
96633955 1
94973029 0
98978921 1
17228909 0
43664495 0
44330099 0
51987572 0
98159737 1
87116928 1
44362883 1
36629636 0
28355719 0
67284108 0
95515789 1
22850702 1
87669905 0
19096726 1
90846359 1
82556059 0
53855410 0
53855411 0
10443957 1
70534340 1
86066372 1
5041348 1
67949764 0
12958920 0
41456842 0
65330383 1
63995093 1
14089429 0
30190809 1
51227866 1
50005218 1
3814632 1
23893227 1
73594093 1
40703223 0
18144506 1
22953212 0
63288573 1
56364287 1
69248256 1
40844553 0
35269904 1
54537490 0
1426715 0
39972130 0
15394084 0
93130022 0
1799465 0
23434538 1
66661679 0
35261759 1
73964868 1
82994510 0
84815190 1
48411997 0
9925983 0
13536607 0
63184228 0
65500516 0
98338152 1
2819436 0
74440056 0
11738490 0
20368764 0
62125439 0
25415053 0
73082255 1
39030163 1
23068051 1
51611042 0
9047461 0
99550630 1
94703022 0
11091375 0
77542832 0
11050416 0
11050417 0
11050418 0
11050419 0
44586427 0
46724542 1
86801872 0
81767889 0
70342110 1
41620959 1
7392746 0
15629802 0
83764718 1
46173680 0
46173681 0
27882994 0
69811711 0
38053382 0
26326542 0
44097051 0
23516703 1
62543394 0
43898403 1
39730727 1
35726888 1
34479659 0
17751597 1
41373230 1
25419324 0
86871615 0
14532163 1
22404676 0
37129797 1
48115278 0
40908371 1
58371672 0
84797028 1
44052075 0
70368879 1
55326323 0
44146295 1
93191801 1
6631034 0
12580477 1
59160189 0
24874631 0
87746184 1
63166095 1
2295440 1
75732623 0
29843092 0
29843093 0
29843094 0
10389143 0
82732705 1
16946850 0
93490856 1
93490857 0
63442605 0
87240372 0
43140792 0
43202238 1
38342335 1
14470846 0
14470847 0
10000080 1
63356631 1
52340444 1
37351133 1
52340445 0
45883110 1
17000166 0
68468459 1
35514097 0
99137266 1
99137267 0
74997493 1
98596597 0
80701178 1
74659583 0
11321089 1
93912846 0
48068379 0
25311006 1
3987233 1
30650148 0
70391589 0
70950699 0
45467446 1
88923964 0
60600126 1
83994433 1
72302403 1
59438930 1
32335698 0
83308376 1
70369116 1
44308318 0
8025951 0
62541668 1
46647145 0
51208047 0
24010609 1
64382840 0
4417408 0
12965762 0
31600514 0
85243785 0
34690954 0
1546123 1
60303245 1
93224849 0
31434645 1
60465049 1
32731036 1
28776350 1
87052196 1
64583601 0
20590515 1
56051649 0
38811586 1
37576645 1
74627017 0
47658965 0
95492061 1
24915933 1
645088 0
47710198 1
13764603 0
75524093 0
32519092 1
89870349 1
56733747 1
19324993 1
18094166 1
52947044 1
93347961 1
75047173 1
30757127 1
40044918 1
21143940 1
16605586 1
45906428 1
59392529 1
40854197 1
60461804 1
9411399 1
58004362 1
58481572 1
1948619 1
46759931 1
32828466 1
90590303 1
83965310 1
14124483 1
27780618 1
50720316 1
22865492 1
89943723 0
8949584 1
22908820 1
24094653 1
55990317 1
52445243 1
93229151 1
94445733 1
31562086 1
28373620 1
3734202 1
33198837 1
92107604 1
68957034 1
42566602 1
29942771 1
7478431 1
30430448 1
66712905 1
87188910 1
80666118 1
20618850 1
34813545 1
67835547 1
93454062 1
8728498 1
24299458 1
66011101 1
56399890 1
77058170 1
27572350 1
15397015 1
51452091 1
73642296 1
43262273 1
25774450 1
8233522 1
43455065 1
31849106 1
34267821 1
25789292 1
82385847 1
70902743 1
3679218 1
5821478 1
83326048 1
23002292 1
8267140 1
4031928 1
11109820 1
84749824 1
5758500 1
15693423 1
75732622 1
19613556 1
12058741 1
61245672 1
80845034 1
90241276 1
9742784 1
72270339 1
27548199 1
53639887 1
38511382 1
48452496 1
26700718 1
65741786 1
89023486 1
79606837 1
20665527 1
50091196 1
45112597 1
9674034 1
2772337 1
45663742 1
24081957 1
27381364 1
87871125 1
48815792 1
98127546 1
35405755 1
4280258 1
73347079 1
2009101 1
81983656 1
85215458 1
73652465 1
58820853 1
81105204 1
91351370 1
82633039 1
16195942 1
17377751 1
27243130 1
95040215 1
1475311 1
53582587 1
75498415 1
78156759 1
52687916 1
86848580 1
23338098 1
49003716 1
14785765 1
69031175 1
59839761 1
76913983 1
16051717 1
72930878 1
53567095 1
14087893 1
33236860 1
73580471 1
22835145 1
5318639 1
11827244 1
4939890 1
3717252 1
84013237 1
50907446 1
48130397 1
23912837 1
84433295 1
19261966 1
97518132 1
31924889 1
74822425 1
20366274 1
56832966 1
77505534 1
69764158 1
34710660 1
6417578 1
59546797 1
51023024 1
94977269 1
40605147 1
37445295 1
4904633 1
30328508 1
44394295 1
77723643 1
48424886 1
24635329 1
91703676 1
66431519 1
2526224 1
18621798 1
65305978 1
57554544 1
90681088 1
85106525 1
64182380 1
8264361 1
57134592 1
4810828 1
51296484 1
49238328 1
94259633 1
13048472 1
73898890 1
52472775 1
25801745 1
80532587 1
26866984 1
9839945 1
98477480 1
88284599 1
92919429 1
71818935 1
10774240 1
39114494 1
86310763 1
84211599 1
10804018 1
15982593 1
56111151 1
98095162 1
27541563 1
84330567 1
11765832 1
22024279 1
34773082 1
68431965 1
72167543 1
38436986 1
82489470 1
63436931 1
38264974 1
33407125 1
51697825 1
69087397 1
32909498 1
11110587 1
21887175 1
19271881 1
66730191 1
43227 1
55204071 1
37961969 1
84478195 1
51405049 1
80611581 1
10019086 1
35146019 1
6351147 1
1225009 1
89252153 1
22993208 1
60303688 1
77543769 1
53143898 1
33878367 1
86188410 1
54757758 1
1769875 1
5818798 0
59388357 1
71832012 1
2511 1
55521751 1
97698279 1
27132400 1
72444406 1
71858682 1
25862681 1
29587993 1
81674782 1
65681983 1
5560911 1
77765207 1
21844576 0
69540484 1
2347656 1
74920585 1
24361622 1
73542331 1
73468603 1
48626373 1
77202120 1
84271823 1
91800273 1
36975314 1
36668118 1
21123811 1
63136489 1
27552504 1
63533837 1
52038441 1
18940725 1
72971064 1
4160316 1
26268488 1
77103950 1
59185998 1
10963799 1
73628505 1
5380979 1
69680031 1
71607202 1
34995106 1
56099748 1
73218989 1
69327790 1
28226490 1
82570174 1
54334420 1
50277355 1
81003500 1
91810826 1
6763530 1
65326118 1
4928565 1
30336082 1
32756828 1
58143852 1
30983281 1
6767771 1
33854624 1
93854893 1
69946549 1
42790071 1
81497285 1
55063751 1
25533642 1
91880660 1
54498517 1
42493140 1
40139997 1
42009836 1
41420027 1
53804307 1
1686814 1
18969888 1
1508649 1
39402797 1
73956664 1
68304193 1
60362066 1
53329234 1
17827173 1
58932615 0
34755994 1
572850 1
38798785 1
81767888 1
98506199 1
15005145 1
28954097 1
97682931 1
28126717 1
73539069 1
61470213 1
92714517 1
48608796 1
4931121 1
75730490 1
47355498 1
39931513 1
77207191 1
9012916 1
4796100 1
47961808 1
53212882 1
78661338 1
87639778 1
98645731 1
58699500 1
92907248 1
69601012 1
45819647 1
37629703 1
6637331 1
80117527 1
23076639 1
99585850 1
30748475 1
93503294 1
41215808 1
24508238 1
35059553 1
46565218 1
55461744 1
61173621 1
40155014 1
92565383 1
7436169 1
80433039 1
34090915 1
62015408 1
54126514 1
82956214 1
78888899 1
41371602 1
34541543 1
89538537 1
35809262 1
92731385 1
74018812 1
92907249 0
49959355 1
41562624 1
74586817 1
98558751 1
59843383 1
40364916 1
99423156 1
83283063 1
92826944 1
57288064 1
26326541 1
52467217 1
4333086 1
91420202 1
86926989 1
55623480 1
52711246 1
36630403 1
13965201 1
94801854 1
79783880 1
